Input of file "dataIn.txt"
16	 16
1804289408.000000	846930880.000000	1681692800.000000	1714636928.000000	1957747840.000000	424238336.000000	719885376.000000	1649760512.000000	596516672.000000	1189641472.000000	1025202368.000000	1350489984.000000	783368704.000000	1102520064.000000	2044897792.000000	1967513984.000000	
1365180544.000000	1540383488.000000	304089184.000000	1303455744.000000	35005212.000000	521595360.000000	294702560.000000	1726956416.000000	336465792.000000	861021504.000000	278722848.000000	233665120.000000	2145174016.000000	468703136.000000	1101513984.000000	1801979776.000000	
1315634048.000000	635723072.000000	1369133056.000000	1125898112.000000	1059961408.000000	2089018496.000000	628175040.000000	1656478080.000000	1131176192.000000	1653377408.000000	859484416.000000	1914544896.000000	608413760.000000	756898560.000000	1734575232.000000	1973594368.000000	
149798320.000000	2038664320.000000	1129566464.000000	184803520.000000	412776096.000000	1424268928.000000	1911760000.000000	749241856.000000	137806864.000000	42999168.000000	982907008.000000	135497280.000000	511702304.000000	2084420864.000000	1937477120.000000	1827336320.000000	
572660352.000000	1159126528.000000	805750848.000000	1632621696.000000	1100661376.000000	1433925888.000000	1141616128.000000	84353896.000000	939819584.000000	2001100544.000000	1998898816.000000	1548233344.000000	610515456.000000	1585990400.000000	1374344064.000000	760313728.000000	
1477171072.000000	356426816.000000	945117248.000000	1889947136.000000	1780695808.000000	709393600.000000	491705408.000000	1918502656.000000	752392768.000000	1474612352.000000	2053999872.000000	1264095104.000000	1411549696.000000	1843993344.000000	943947712.000000	1984210048.000000	
855636224.000000	1749698560.000000	1469348096.000000	1956297600.000000	1036140800.000000	463480576.000000	2040651392.000000	1975960320.000000	317097472.000000	1892066560.000000	1376710144.000000	927612928.000000	1330573312.000000	603570496.000000	1687926656.000000	660260736.000000	
959997312.000000	485560288.000000	402724288.000000	593209472.000000	1194953856.000000	894429696.000000	364228448.000000	1947346560.000000	221558432.000000	270744736.000000	1063958016.000000	1633108096.000000	2114738048.000000	2007905792.000000	1469834496.000000	822890688.000000	
1610120704.000000	791698944.000000	631704576.000000	498777856.000000	1255179520.000000	524872352.000000	327254592.000000	1572276992.000000	269455296.000000	1703964672.000000	352406208.000000	1600028672.000000	160051520.000000	2040332928.000000	112805728.000000	1120048768.000000	
378409504.000000	515530016.000000	1713258240.000000	1573363328.000000	1409959680.000000	2077486720.000000	1373226368.000000	1631518208.000000	200747792.000000	289700736.000000	1117142656.000000	168002240.000000	150122848.000000	439493440.000000	990892928.000000	1760243584.000000	
1231192320.000000	1622597504.000000	111537760.000000	338888224.000000	2147469824.000000	438792352.000000	1911165184.000000	269441504.000000	2142756992.000000	116087760.000000	1869470080.000000	155324912.000000	8936987.000000	1982275840.000000	1275373696.000000	387346496.000000	
350322240.000000	841148352.000000	1960709888.000000	1760281984.000000	771151424.000000	1186452608.000000	1244316416.000000	971899200.000000	1476153216.000000	213975408.000000	1139901440.000000	1626276096.000000	653468864.000000	2130794368.000000	1239036032.000000	1884661248.000000	
1605908224.000000	1350573824.000000	76065816.000000	1605894400.000000	1789366144.000000	1987230976.000000	1875335936.000000	1784639488.000000	2103318784.000000	1597322368.000000	1939964416.000000	2112255744.000000	1432114560.000000	1067854528.000000	352118592.000000	1782436864.000000	
1909002880.000000	165344816.000000	1395235072.000000	532670688.000000	1351797376.000000	492067904.000000	1504569856.000000	680467008.000000	706043328.000000	496987744.000000	159259472.000000	1359512192.000000	480298496.000000	1398295552.000000	1096689792.000000	2086206720.000000	
601385664.000000	1172755584.000000	1544617472.000000	243268144.000000	1012502976.000000	1272469760.000000	2027907712.000000	968338112.000000	722308544.000000	1820388480.000000	933110208.000000	6939507.000000	740759360.000000	1285228800.000000	1789376384.000000	502278624.000000	
1450573568.000000	1037127808.000000	1034949312.000000	654887360.000000	1529195776.000000	392035584.000000	1335354368.000000	87755424.000000	889023296.000000	1494613760.000000	1447267584.000000	1369321856.000000	745425664.000000	396473728.000000	1308044928.000000	1346811264.000000	

Iteration num = 1000
Whole running time    = 4.025487 seconds
Distribute data time  = 0.002178 seconds
Parallel compute time = 4.023309 seconds

 can not converage to a triangular matrix
this is the matrix:
17875134464.000000	1663796096.000000	1366729600.000000	-180636096.000000	1807761920.000000	-754497152.000000	-934746752.000000	-113347904.000000	554066176.000000	-623524160.000000	217941664.000000	267390720.000000	802068288.000000	154723328.000000	111180032.000000	2408660480.000000	
-0.000000	1689325312.000000	-2142669568.000000	-103355944.000000	292513920.000000	959472384.000000	-368399968.000000	1265899776.000000	-307075712.000000	-199784496.000000	239009776.000000	248856592.000000	-473882464.000000	-548596864.000000	-846267776.000000	-16512448.000000	
-0.000000	1787911040.000000	1277632896.000000	411674048.000000	-1118260224.000000	1117404928.000000	-582844288.000000	-710401728.000000	354281024.000000	507258112.000000	-995130112.000000	86488592.000000	434083136.000000	-827708544.000000	-1119737984.000000	756532736.000000	
0.000000	-0.000000	-0.000000	-2209412352.000000	374237792.000000	-788748800.000000	275983680.000000	340882688.000000	-208021440.000000	689841664.000000	38761836.000000	-175020160.000000	350841792.000000	771163136.000000	355779712.000000	-498462336.000000	
-0.000000	-0.000000	-0.000000	-0.000000	-151409728.000000	1846345216.000000	323508480.000000	-310060864.000000	-556720960.000000	-432176096.000000	-634266304.000000	113021376.000000	732365312.000000	-118485304.000000	-222718304.000000	-311686400.000000	
-0.000000	0.000000	0.000000	0.000000	-2370631168.000000	-886208192.000000	102031056.000000	277929056.000000	-580091776.000000	864206080.000000	-244990192.000000	272298944.000000	644186880.000000	-58965656.000000	815474240.000000	598261312.000000	
-0.000000	0.000000	-0.000000	-0.000000	-1.074650	0.344356	1872384384.000000	-345809120.000000	160216416.000000	-296964192.000000	-882348480.000000	-411125760.000000	670985856.000000	801796.000000	-232200752.000000	-80216448.000000	
0.000000	-0.000000	0.000000	-0.000000	-0.308660	-0.928117	902695808.000000	2139887488.000000	8062724.000000	238186336.000000	-597276864.000000	56817040.000000	233685008.000000	-1253893888.000000	-69221960.000000	78737432.000000	
0.000000	0.000000	-0.000000	-0.000000	-0.000000	0.000000	0.000000	0.000000	-1810518656.000000	-164398816.000000	-743001984.000000	48135760.000000	185708368.000000	706114048.000000	-267263184.000000	480717632.000000	
0.000000	0.000000	-0.000000	-0.000000	0.000000	-0.000000	0.000000	0.000000	0.147379	-221871312.000000	-1936578304.000000	488245024.000000	-544019904.000000	-1069120704.000000	-333970944.000000	745314496.000000	
0.000000	0.000000	-0.000000	-0.000000	0.000000	-0.000000	-0.000000	0.000000	-0.049339	1599955968.000000	-115125200.000000	728608064.000000	-157750064.000000	-41457072.000000	480678048.000000	-276503168.000000	
-0.000000	-0.000000	0.000000	0.000000	0.000000	0.000000	-0.000000	-0.000000	0.000000	0.000000	-0.000000	1543843328.000000	-277326080.000000	-52953320.000000	-1554453248.000000	386904352.000000	
0.000000	-0.000000	0.000000	-0.000000	-0.000000	-0.000000	-0.000000	-0.000000	-0.000000	-0.000000	0.000000	-0.000000	919194304.000000	571621376.000000	-102993616.000000	-562652672.000000	
0.000000	0.000000	-0.000000	0.000000	-0.000000	0.000000	0.000000	0.000000	-0.000000	-0.000000	-0.000000	0.000000	-2298304512.000000	-143547456.000000	202951568.000000	-112218896.000000	
0.000000	0.000000	-0.000000	0.000000	-0.000000	0.000000	-0.000000	-0.000000	0.000000	-0.000000	0.000000	0.000000	-0.000000	0.000000	-898796032.000000	502073024.000000	
-0.000000	0.000000	-0.000000	0.000000	0.000000	0.000000	0.000000	-0.000000	0.000000	0.000000	-0.000000	0.000000	-0.000000	-0.000000	-449979584.000000	-162372416.000000	
